1334
1334
1270
1270
1302
1302
NULL
NULL
1238
1238
1366
1366
1319
1255
1287
NULL
1223
1351
1335
1335
1271
1271
1303
1303
NULL
NULL
1239
1239
1367
1367
1320
1320
1256
1256
1288
1288
NULL
NULL
1224
1224
1352
1352
1336
1336
1272
1272
1304
1304
NULL
NULL
1240
1240
1368
1368
1321
1321
1257
1257
1289
1289
NULL
NULL
1225
1225
1353
1353
1337
1337
1273
1273
1305
1305
NULL
NULL
1241
1241
715
715
1322
1322
1258
1258
1290
1290
NULL
NULL
1226
1226
1354
1354
1338
1338
1274
1274
1306
1306
NULL
NULL
1242
1242
716
716
1323
1323
1259
1259
1291
1291
NULL
NULL
1227
1227
1355
1355
1339
1339
1275
1275
1307
1307
NULL
NULL
1243
1243
717
717
1324
1324
1324
1260
1260
1260
1292
1292
1292
NULL
NULL
NULL
1228
1228
1228
1356
1356
1356
1340
1340
1276
1276
1308
1308
NULL
NULL
1244
1244
718
718
1325
1325
1325
1261
1261
1261
1293
1293
1293
NULL
NULL
NULL
1229
1229
1229
1357
1357
1357
1341
1341
1277
1277
1309
1309
NULL
NULL
1245
1245
719
719
1326
1326
1326
1262
1262
1262
1294
1294
1294
NULL
NULL
NULL
1230
1230
1230
1358
1358
1358
1342
1342
1278
1278
1310
1310
NULL
NULL
1246
1246
720
720
1327
1327
1327
1263
1263
1263
1295
1295
1295
NULL
NULL
NULL
1231
1231
1231
1359
1359
1359
1343
1343
1279
1279
1311
1311
NULL
NULL
1247
1247
721
721
1328
1328
1328
1264
1264
1264
1296
1296
1296
NULL
NULL
NULL
1232
1232
1232
1360
1360
1360
1344
1344
1280
1280
1312
1312
NULL
NULL
1248
1248
722
722
1329
1329
1329
1265
1265
1265
1297
1297
1297
NULL
NULL
NULL
1233
1233
1233
1361
1361
1361
1345
1345
1281
1281
1313
1313
NULL
NULL
1249
1249
723
723
1330
1330
1330
1266
1266
1266
1298
1298
1298
NULL
NULL
NULL
1234
1234
1234
1362
1362
1362
1346
1346
1282
1282
1314
1314
NULL
NULL
1250
1250
724
724
1331
1267
1299
NULL
1235
1363
1347
1347
1283
1283
1315
1315
NULL
NULL
1251
1251
725
725
1332
1268
1300
NULL
1236
1364
1348
1348
1348
1284
1284
1284
1316
1316
1316
NULL
NULL
NULL
1252
1252
1252
726
726
726
1333
1269
1301
NULL
1237
1365
1349
1349
1349
1285
1285
1285
1317
1317
1317
NULL
NULL
NULL
1253
1253
1253
727
727
727
NULL
NULL
NULL
NULL
NULL
NULL
1350
1350
1350
1286
1286
1286
1318
1318
1318
NULL
NULL
NULL
1254
1254
1254
728
728
728
1180
1180
1146
1146
1163
1163
1214
1214
1129
1129
1197
1197
1181
1181
1147
1147
1164
1164
1215
1215
1130
1130
1198
1198
1172
1172
1138
1138
1155
1155
1206
1206
1121
1121
1189
1189
1173
1173
1173
1139
1139
1139
1156
1156
1156
1207
1207
1207
1122
1122
1122
1190
1190
1190
1182
1182
1148
1165
1165
1216
1216
1131
1131
1199
1199
1183
1183
1149
1149
1166
1166
1217
1217
1132
1132
1200
1200
1184
1184
1184
1150
1150
1150
1167
1167
1167
1218
1218
1218
1133
1133
1133
1201
1201
1201
1174
1174
1174
1140
1140
1140
1157
1157
1157
1208
1208
1208
1123
1123
1123
1191
1191
1191
1175
1175
1175
1141
1141
1141
1158
1158
1158
1209
1209
1209
1124
1124
1124
1192
1192
1192
1176
1176
1176
1142
1142
1142
1159
1159
1159
1210
1210
1210
1125
1125
1125
1193
1193
1193
1185
1185
1185
1151
1151
1151
1168
1168
1168
1219
1219
1219
1134
1134
1134
1202
1202
1202
1186
1186
1186
1152
1152
1152
1169
1169
1169
1220
1220
1220
1135
1135
1135
1203
1203
1203
1177
1177
1177
1143
1143
1143
1160
1160
1160
1211
1211
1211
1126
1126
1126
1194
1194
1194
1178
1144
1161
1212
1127
1195
1187
1153
1170
1221
1136
1204
1179
1145
1162
1213
1128
1196
1188
1188
1188
1154
1154
1154
1171
1171
1171
1222
1222
1222
1137
1137
1137
1205
1205
1205
NULL
NULL
NULL
NULL
NULL
NULL
NULL
NULL
NULL
NULL
NULL
NULL
NULL
NULL
NULL
NULL
NULL
NULL
NULL
NULL
NULL
NULL
NULL
NULL
NULL
NULL
NULL
NULL
NULL
NULL
NULL
NULL
NULL
NULL
NULL
NULL
NULL
NULL
NULL
NULL
NULL
NULL
NULL
NULL
NULL
NULL
NULL
NULL
NULL
NULL
NULL
NULL
NULL
NULL
NULL
NULL
NULL
NULL
NULL
NULL
NULL
NULL
NULL
NULL
NULL
NULL
NULL
NULL
NULL
NULL
NULL
NULL
NULL
NULL
NULL
NULL
NULL
NULL
NULL
NULL
NULL
NULL
NULL
NULL
NULL
NULL
NULL
NULL
NULL
NULL
NULL
NULL
NULL
NULL
NULL
NULL
NULL
NULL
NULL
NULL
NULL
NULL
NULL
NULL
NULL
NULL
NULL
NULL
NULL
NULL
NULL
NULL
NULL
NULL
NULL
NULL
NULL
NULL
NULL
NULL
NULL
NULL
NULL
NULL
NULL
NULL
NULL
NULL
NULL
NULL
NULL
NULL
NULL
NULL
NULL
NULL
NULL
NULL
NULL
NULL
NULL
NULL
NULL
NULL
NULL
NULL
NULL
NULL
NULL
NULL
NULL
NULL
NULL
NULL
NULL
NULL
NULL
NULL
NULL
NULL
NULL
NULL
NULL
NULL
NULL
1001
NULL
NULL
NULL
NULL
NULL
NULL
NULL
NULL
NULL
NULL
NULL
NULL
NULL
NULL
500
500
500
500
511
511
NULL
NULL
NULL
NULL
NULL
NULL
501
501
501
501
512
512
512
512
NULL
506
517
NULL
NULL
NULL
NULL
NULL
NULL
NULL
NULL
502
502
502
502
513
513
513
513
NULL
NULL
NULL
507
507
518
518
NULL
NULL
NULL
NULL
503
503
514
514
NULL
NULL
NULL
NULL
504
504
515
515
NULL
NULL
NULL
508
508
519
519
NULL
NULL
509
509
520
520
NULL
NULL
505
505
516
516
NULL
NULL
510
510
521
521
1072
1072
1032
1032
1052
1052
1112
1112
1012
1012
1092
1092
1061
1061
1021
1021
1041
1041
1101
1101
1000
1000
1081
1081
1073
1073
1033
1033
1053
1053
1113
1113
1013
1013
1093
1093
1062
1062
1022
1022
1042
1042
1102
1102
1002
1002
1082
1074
1074
1034
1034
1054
1054
1114
1114
1014
1014
1094
1094
1063
1063
1023
1023
1043
1043
1103
1103
1003
1003
1083
1083
1075
1075
1035
1035
1055
1055
1115
1115
1015
1015
1095
1095
1064
1064
1024
1024
1024
1044
1044
1104
1104
1104
1004
1004
1004
1084
1084
1084
1076
1076
1036
1036
1056
1056
1116
1116
1016
1016
1096
1096
1065
1065
1025
1025
1045
1045
1105
1105
1005
1005
1085
1085
1077
1077
1037
1037
1057
1057
1117
1117
1017
1017
1097
1097
1066
1066
1066
1026
1026
1026
1046
1046
1046
1106
1106
1106
1006
1006
1006
1086
1086
1086
1078
1078
1038
1038
1058
1058
1118
1118
1018
1018
1098
1098
1067
1067
1067
1027
1027
1027
1047
1047
1047
1107
1107
1107
1007
1007
1007
1087
1087
1087
1079
1079
1079
1039
1039
1039
1059
1059
1059
1119
1119
1119
1019
1019
1019
1099
1099
1099
1068
1068
1068
1028
1028
1028
1048
1048
1048
1108
1108
1108
1008
1008
1008
1088
1088
1088
1080
1080
1080
1040
1040
1040
1060
1060
1060
1120
1120
1120
1020
1020
1020
1100
1100
1100
1069
1069
1069
1029
1029
1029
1029
1029
1029
1049
1049
1049
1049
1049
1049
1109
1109
1109
1109
1109
1109
1009
1009
1009
1089
1089
1089
1089
1089
1089
1070
1030
1050
1110
1010
1090
1071
1031
1051
1111
1011
1091
