19
19
19
19
19
19
18
18
18
18
18
18
16
16
16
16
16
16
14
14
14
14
14
14
12
12
12
12
12
12
7
7
7
7
7
7
1
1
1
1
1
1
73
71
73
73
71
73
69
70
69
69
70
70
69
62
63
62
63
62
63
62
63
55
55
55
55
91
91
91
91
91
91
93
93
93
93
93
93
19
19
19
19
19
19
18
18
18
18
18
18
16
16
16
16
16
16
14
14
14
14
14
14
12
12
12
12
12
12
35
35
35
35
35
35
33
33
33
33
33
33
29
29
29
29
29
29
28
28
28
28
28
28
50
50
50
50
50
50
48
48
48
48
48
48
45
45
45
45
45
45
9
9
9
9
9
9
10
10
10
10
10
10
5
5
5
5
5
5
4
4
4
4
4
20
20
20
20
20
20
17
17
17
17
17
17
15
15
15
15
15
15
13
13
13
13
13
13
8
8
8
8
8
8
72
72
72
74
74
76
74
76
74
76
66
68
68
66
68
66
68
66
57
57
57
57
64
64
65
64
65
64
65
58
59
58
59
58
59
77
79
77
79
77
79
81
81
81
81
81
81
92
92
92
92
92
92
82
82
82
82
82
82
83
83
83
83
83
83
94
94
94
94
94
94
84
84
84
84
84
84
95
95
95
95
95
95
85
85
85
85
85
85
96
96
96
96
96
96
97
97
97
97
97
97
19
19
19
19
19
19
18
18
18
18
18
18
16
16
16
16
16
16
14
14
14
14
14
14
12
12
12
12
12
12
7
7
7
7
7
7
1
1
1
1
1
1
73
71
73
73
71
73
69
70
69
69
70
70
69
62
63
62
63
62
63
62
63
55
55
55
55
91
91
91
91
91
91
93
93
93
93
93
93
7
7
7
7
7
7
1
1
1
1
1
1
6
6
6
6
6
6
22
22
22
22
22
22
2
2
2
2
2
2
60
61
60
61
60
61
94
94
94
94
86
86
86
86
86
86
98
98
98
98
98
98
99
99
99
99
99
99
18
18
18
18
18
18
16
16
16
16
16
16
14
14
14
14
14
14
12
12
12
12
12
12
35
35
35
35
35
35
33
33
33
33
33
33
29
29
29
29
29
29
28
28
28
28
28
28
50
50
50
50
50
50
48
48
48
48
48
48
45
45
45
45
45
45
9
9
9
9
9
9
10
10
10
10
10
10
5
5
5
5
5
5
4
4
4
4
4
4
20
20
20
20
20
20
17
17
17
17
17
17
15
15
15
15
15
15
13
13
13
13
13
13
8
8
8
8
8
8
77
79
77
79
77
79
81
81
81
81
81
81
92
92
92
92
92
92
82
82
82
82
82
83
83
83
83
83
83
94
94
94
94
94
94
84
84
84
84
84
84
95
95
95
95
95
95
85
85
85
85
85
85
96
96
96
96
96
96
97
97
97
97
97
97
35
35
35
35
35
35
33
33
33
33
33
33
29
29
29
29
29
29
28
28
28
28
28
28
50
50
50
50
50
50
43
43
43
43
43
43
41
41
41
41
41
41
39
39
39
39
39
39
11
11
11
11
11
11
3
3
3
3
3
3
21
21
21
21
21
21
24
24
24
24
24
24
26
26
26
26
26
26
23
23
23
23
23
23
32
32
32
32
32
32
36
36
36
36
36
36
34
34
34
34
34
34
30
30
30
30
30
30
49
49
49
49
49
49
47
47
47
47
47
47
87
87
87
87
87
87
88
88
88
88
88
88
89
89
99
99
89
89
99
89
99
89
99
7
7
7
7
7
7
1
1
1
1
1
1
6
6
6
6
6
6
22
22
22
22
22
22
2
2
2
2
2
2
94
94
94
94
86
86
86
86
86
86
98
98
98
98
98
98
99
99
99
99
99
99
48
48
48
48
48
48
45
45
45
45
45
45
43
43
43
43
43
43
41
41
41
41
41
41
25
25
25
25
25
25
31
31
31
31
31
31
27
27
27
27
27
27
46
46
46
46
46
46
44
44
44
44
44
44
42
42
42
42
42
42
90
90
90
90
90
90
90
90
80
80
80
80
80
80
35
35
35
35
35
35
33
33
33
33
33
33
29
29
29
29
29
29
28
28
28
28
28
28
50
50
50
50
50
50
43
43
43
43
43
43
41
41
41
41
41
41
39
39
39
39
39
39
11
11
11
11
11
11
3
3
3
3
3
3
21
21
21
21
21
21
24
24
24
24
24
24
26
26
26
26
26
26
23
23
23
23
23
23
32
32
32
32
32
32
36
36
36
36
36
36
34
34
34
34
34
34
30
30
30
30
30
30
49
49
49
49
49
49
47
47
47
47
47
47
87
87
87
87
87
87
88
88
88
88
88
88
89
89
89
89
89
89
19
19
19
19
19
19
19
19
19
19
19
19
18
18
18
18
18
18
18
18
18
18
18
18
16
16
16
16
16
16
16
16
16
16
16
16
14
14
14
14
14
14
14
14
14
14
14
14
12
12
12
12
12
12
12
12
12
12
12
12
7
7
7
7
7
7
7
7
7
7
7
7
1
1
1
1
1
1
1
1
1
1
1
1
35
35
35
35
35
35
35
35
35
35
35
35
35
35
35
35
35
35
33
33
33
33
33
33
33
33
33
33
33
33
33
33
33
33
33
33
29
29
29
29
29
29
29
29
29
29
29
29
29
29
29
29
29
29
28
28
28
28
28
28
28
28
28
28
28
28
28
28
28
28
28
28
50
50
50
50
50
50
50
50
50
50
50
50
50
50
50
50
50
50
48
48
48
48
48
48
48
48
48
48
48
48
45
45
45
45
45
45
45
45
45
45
45
45
43
43
43
43
43
43
43
43
43
43
43
43
43
43
43
43
43
43
41
41
41
41
41
41
41
41
41
41
41
41
41
41
41
41
41
41
39
39
39
39
39
39
39
39
39
39
39
39
9
9
9
9
9
9
10
10
10
10
10
10
5
5
5
5
5
5
6
6
6
6
6
6
4
4
4
4
4
20
20
20
20
20
20
22
22
22
22
22
22
11
11
11
11
11
11
11
11
11
11
11
11
3
3
3
3
3
3
3
3
3
3
3
3
21
21
21
21
21
21
21
21
21
21
21
21
24
24
24
24
24
24
24
24
24
24
24
24
26
26
26
26
26
26
26
26
26
26
26
26
23
23
23
23
23
23
23
23
23
23
23
23
25
25
25
25
25
25
31
31
31
31
31
31
27
27
27
27
27
27
32
32
32
32
32
32
32
32
32
32
32
32
17
17
17
17
17
17
15
15
15
15
15
15
13
13
13
13
13
13
8
8
8
8
8
8
2
2
2
2
2
2
36
36
36
36
36
36
36
36
36
36
36
36
34
34
34
34
34
34
34
34
34
34
34
34
30
30
30
30
30
30
30
30
30
30
30
30
49
49
49
49
49
49
49
49
49
49
49
49
47
47
47
47
47
47
47
47
47
47
47
47
46
46
46
46
46
46
44
44
44
44
44
44
42
42
42
42
42
42
73
71
73
73
71
73
69
70
69
69
70
70
69
72
72
72
62
63
62
63
62
63
62
63
74
74
76
74
76
74
76
66
68
68
66
68
66
68
66
55
57
55
57
55
57
55
57
64
64
65
64
65
64
65
58
59
58
59
58
59
77
79
77
79
77
79
60
61
60
61
60
61
91
91
91
91
91
91
81
81
81
81
81
81
92
92
92
92
92
92
82
82
82
82
82
82
93
93
93
93
93
93
83
83
83
83
83
83
94
94
94
94
94
94
84
84
94
84
84
94
84
94
84
94
95
95
95
95
95
95
85
85
85
85
85
85
96
96
96
96
96
96
86
86
86
86
86
86
97
97
97
97
97
97
87
87
87
87
87
87
87
87
87
87
87
87
98
98
98
98
98
98
88
88
88
88
88
88
88
88
88
88
88
88
99
99
99
99
99
99
89
89
89
99
99
89
99
89
99
89
89
99
89
99
89
99
89
99
89
99
99
89
90
90
90
90
90
90
90
90
80
80
80
80
80
80
19
19
19
19
19
19
18
18
18
18
18
18
18
18
18
18
18
18
16
16
16
16
16
16
16
16
16
16
16
16
14
14
14
14
14
14
14
14
14
14
14
14
12
12
12
12
12
12
12
12
12
12
12
12
7
7
7
7
7
7
7
7
7
7
7
7
7
7
7
7
7
7
1
1
1
1
1
1
1
1
1
1
1
1
1
1
1
1
1
1
35
35
35
35
35
35
35
35
35
35
35
35
33
33
33
33
33
33
33
33
33
33
33
33
29
29
29
29
29
29
29
29
29
29
29
29
28
28
28
28
28
28
28
28
28
28
28
28
50
50
50
50
50
50
50
50
50
50
50
50
48
48
48
48
48
48
45
45
45
45
45
45
43
43
43
43
43
43
41
41
41
41
41
41
39
39
39
39
39
39
9
9
9
9
9
9
10
10
10
10
10
10
5
5
5
5
5
5
6
6
6
6
6
6
6
6
6
6
6
6
4
4
4
4
4
4
20
20
20
20
20
20
22
22
22
22
22
22
22
22
22
22
22
22
11
11
11
11
11
11
3
3
3
3
3
3
21
21
21
21
21
21
24
24
24
24
24
24
26
26
26
26
26
26
23
23
23
23
23
23
32
32
32
32
32
32
17
17
17
17
17
17
15
15
15
15
15
15
13
13
13
13
13
13
8
8
8
8
8
8
2
2
2
2
2
2
2
2
2
2
2
2
36
36
36
36
36
36
34
34
34
34
34
34
30
30
30
30
30
30
49
49
49
49
49
49
47
47
47
47
47
47
73
71
73
73
71
73
69
70
69
69
70
70
69
62
63
62
63
62
63
62
63
55
55
55
55
77
79
77
79
77
79
91
91
91
91
91
91
81
81
81
81
81
81
92
92
92
92
92
92
82
82
82
82
82
93
93
93
93
93
93
83
83
83
83
83
83
94
94
94
94
94
94
84
84
94
94
84
84
94
94
84
94
94
84
94
94
95
95
95
95
95
95
85
85
85
85
85
85
96
96
96
96
96
96
86
86
86
86
86
86
86
86
86
86
86
86
97
97
97
97
97
97
87
87
87
87
87
87
98
98
98
98
98
98
98
98
98
98
98
98
88
88
88
88
88
88
99
99
99
99
99
99
99
99
99
99
99
99
89
89
89
89
89
89
