23
27
189
190
191
192
193
31
32
194
195
31
32
194
195
23
27
189
190
191
192
193
31
32
194
195
31
32
194
195
23
27
189
190
191
192
32
194
195
32
194
195
48
43
41
39
37
51
196
39
37
51
196
39
37
51
196
48
43
41
39
37
51
196
39
37
51
196
39
37
51
196
48
43
41
39
37
51
37
51
196
37
51
196
47
44
42
40
38
52
198
40
38
52
198
40
38
52
198
47
44
42
40
38
52
198
40
38
52
198
40
38
52
198
47
44
42
40
38
52
38
52
198
38
52
198
5
5
3
21
23
25
27
189
190
191
192
193
199
32
194
195
199
32
194
195
5
5
3
21
23
25
27
189
190
191
192
193
199
32
194
195
199
32
194
195
3
23
189
192
195
195
15
33
29
28
48
45
43
41
39
37
51
196
39
37
51
196
39
37
51
196
15
33
29
28
48
45
43
41
39
37
51
196
39
37
51
196
39
37
51
196
29
48
41
51
196
196
36
34
30
197
47
46
44
42
40
38
52
198
40
38
52
198
40
38
52
198
36
34
30
197
47
46
44
42
40
38
52
198
40
38
52
198
40
38
52
198
30
47
42
52
198
198
5
11
3
21
23
25
27
189
190
191
192
193
199
32
194
195
199
32
194
195
5
11
3
21
23
25
27
189
190
191
192
193
199
32
194
195
199
32
194
195
3
23
189
192
195
195
35
33
29
28
48
45
43
41
39
37
51
196
39
37
51
196
39
37
51
196
35
33
29
28
48
45
43
41
39
37
51
196
39
37
51
196
39
37
51
196
29
48
41
51
196
196
36
34
30
197
47
46
44
42
40
38
52
198
40
38
52
198
40
38
52
198
36
34
30
197
47
46
44
42
40
38
52
198
40
38
52
198
40
38
52
198
30
47
42
52
198
198
81
82
83
84
85
86
87
88
89
90
80
91
92
93
94
95
96
97
98
99
81
82
83
84
85
86
87
88
89
90
80
91
92
93
94
95
96
97
98
99
81
82
83
84
85
86
87
88
89
90
80
91
92
93
94
95
96
97
98
99
81
82
83
84
85
86
87
88
89
90
80
91
92
93
94
95
96
97
98
99
81
82
83
84
85
86
87
88
89
90
80
91
92
93
94
95
96
97
98
99
81
82
83
84
85
86
87
88
89
90
80
91
92
93
94
95
96
97
98
99
5
6
11
3
21
23
25
27
9
10
4
20
22
24
26
31
32
5
6
11
3
21
23
25
27
9
10
4
20
22
24
26
31
32
5
6
11
3
21
23
25
27
9
10
4
20
22
24
26
31
32
5
6
11
3
21
23
25
27
9
10
4
20
22
24
26
31
32
5
6
11
3
21
23
25
27
9
10
4
20
22
24
26
31
32
5
6
11
3
21
23
25
27
9
10
4
20
22
24
26
31
32
19
18
16
14
12
7
1
35
33
29
28
50
48
45
43
19
18
16
14
12
7
1
35
33
29
28
50
48
45
43
41
39
19
18
16
14
12
7
1
35
33
29
28
50
48
45
43
19
18
16
14
12
7
1
35
33
29
28
50
48
45
43
41
39
19
18
16
14
12
7
1
35
33
29
28
50
48
45
43
19
18
16
14
12
7
1
35
33
29
28
50
48
45
43
41
39
19
18
16
14
12
7
1
35
33
29
28
50
48
45
43
19
18
16
14
12
7
1
35
33
29
28
50
48
45
43
41
39
19
18
16
14
12
7
1
35
33
29
28
50
48
45
43
19
18
16
14
12
7
1
35
33
29
28
50
48
45
43
41
39
19
18
16
14
12
7
1
35
33
29
28
50
48
45
43
19
18
16
14
12
7
1
35
33
29
28
50
48
45
43
41
39
17
15
13
8
2
36
34
30
49
47
46
44
17
15
13
8
2
36
34
30
49
47
46
44
17
15
13
8
2
36
34
30
49
47
46
44
17
15
13
8
2
36
34
30
49
47
46
44
17
15
13
8
2
36
34
30
49
47
46
44
17
15
13
8
2
36
34
30
49
47
46
