2.90
2.90
4.00
2.91
2.88
2.88
2.87
2.87
2.89
2.90
2.87
2.87
7.60
7.60
7.60
7.60
7.60
7.60
2.96
2.97
2.97
2.98
2.94
2.95
2.92
2.93
2.96
2.97
2.92
2.93
7.60
7.60
7.60
7.60
7.60
7.60
7.60
7.60
7.60
7.60
7.60
7.60
3.03
3.04
3.03
3.05
3.00
3.02
2.97
2.99
3.02
3.04
2.97
2.99
7.60
7.60
7.60
7.60
7.60
7.60
7.60
7.60
7.60
7.60
7.60
7.60
3.15
3.15
3.15
3.15
3.13
3.15
3.08
3.11
3.14
3.15
3.08
3.11
7.60
7.60
7.60
7.60
7.60
7.60
7.60
7.60
7.60
7.60
7.60
7.60
3.15
3.15
3.15
3.15
3.14
3.15
3.15
3.15
3.15
3.15
3.15
3.15
7.60
7.60
7.60
7.60
7.60
7.60
7.60
7.60
7.60
7.60
7.60
7.60
3.15
3.15
3.15
3.15
3.15
3.15
3.15
3.15
3.15
3.15
3.15
3.15
7.60
7.60
7.60
7.60
7.60
7.60
7.60
7.60
7.60
7.60
7.60
7.60
3.15
3.15
3.15
3.15
3.15
3.15
3.15
3.15
3.15
3.15
3.15
3.15
7.60
7.60
7.60
7.60
7.60
7.60
7.60
7.60
7.60
7.60
7.60
7.60
3.15
3.15
3.15
3.15
3.15
3.15
3.15
3.15
3.15
3.15
3.15
3.15
7.60
7.60
7.60
7.60
7.60
7.60
7.60
7.60
7.60
7.60
7.60
7.60
3.15
3.15
3.15
3.15
3.15
3.15
3.15
3.15
3.15
3.15
3.15
3.15
7.60
7.60
7.60
7.60
7.60
7.60
7.60
7.60
7.60
7.60
7.60
7.60
3.15
3.15
3.15
3.15
3.15
3.15
3.15
3.15
3.15
3.15
3.15
3.15
7.60
7.60
7.60
7.60
7.60
7.60
7.60
7.60
7.60
7.60
7.60
7.60
3.15
3.15
3.15
3.15
3.15
3.15
3.15
3.15
3.15
3.15
3.15
3.15
7.60
7.60
7.60
7.60
7.60
7.60
7.60
7.60
7.60
7.60
7.60
7.60
3.15
3.15
3.15
3.15
3.15
3.15
3.15
3.15
3.15
3.15
3.15
3.15
7.60
7.60
7.60
7.60
7.60
7.60
7.60
7.60
7.60
7.60
7.60
7.60
3.15
3.15
3.15
3.15
3.15
3.15
3.15
3.15
3.15
3.15
3.15
3.15
7.60
7.60
7.60
7.60
7.60
7.60
3.15
3.15
3.15
3.15
3.15
3.15
3.15
3.15
3.15
3.15
3.15
7.60
7.60
7.60
7.60
7.60
7.60
3.15
3.15
3.15
3.15
3.15
3.15
3.15
3.15
3.15
3.15
3.15
3.15
7.60
7.60
7.60
7.60
7.60
3.15
3.15
3.15
3.15
3.15
3.15
3.15
3.15
3.15
3.15
3.15
3.15
3.15
3.15
3.15
3.15
3.15
3.15
3.15
3.15
3.15
3.15
3.15
3.15
3.15
3.15
3.15
3.15
3.15
3.15
3.15
3.15
3.15
3.15
3.15
3.15
3.15
3.15
3.15
3.15
3.15
3.15
3.15
3.15
3.15
3.15
3.15
7.60
7.60
7.60
7.60
7.60
7.60
7.60
7.60
7.60
7.60
7.60
7.60
7.60
7.60
7.60
7.60
7.60
7.60
7.60
7.60
7.60
7.60
7.60
7.60
3.15
3.15
3.15
3.15
3.15
3.15
3.15
3.15
3.15
3.15
3.15
3.15
3.15
3.15
3.15
3.15
3.15
3.15
3.15
3.15
3.15
3.15
3.15
3.15
3.15
3.15
3.15
3.15
3.15
3.15
3.15
3.15
3.15
3.15
3.15
7.60
7.60
7.60
7.60
7.60
7.60
7.60
7.60
7.60
7.60
7.60
7.60
7.60
7.60
7.60
7.60
7.60
7.60
7.60
7.60
7.60
7.60
7.60
7.60
7.60
7.60
7.60
7.60
7.60
7.60
7.60
7.60
7.60
7.60
7.60
7.60
3.15
3.15
3.15
3.15
3.15
3.15
3.15
3.15
3.15
3.15
3.15
3.15
3.15
3.15
3.15
3.15
3.15
3.15
3.15
3.15
3.15
3.15
3.15
3.15
7.60
7.60
7.60
7.60
7.60
7.60
7.60
7.60
7.60
7.60
7.60
7.60
7.60
7.60
7.60
7.60
7.60
7.60
3.15
3.15
3.15
3.15
7.60
7.60
7.60
7.60
7.60
7.60
3.15
3.15
7.60
7.60
7.60
7.60
7.60
7.60
7.60
7.60
7.60
7.60
7.60
7.60
7.60
7.60
7.60
7.60
7.60
7.60
7.60
7.60
7.60
7.60
7.60
7.60
7.60
7.60
7.60
7.60
7.60
7.60
7.60
7.60
7.60
7.60
7.60
7.60
7.60
7.60
7.60
7.60
7.60
7.60
7.60
7.60
7.60
7.60
7.60
7.60
7.60
7.60
7.60
7.60
7.60
7.60
7.60
7.60
7.60
7.60
7.60
7.60
7.60
7.60
7.60
7.60
7.60
7.60
7.60
7.60
7.60
7.60
7.60
7.60
7.60
7.60
7.60
7.60
7.60
7.60
7.60
7.60
7.60
7.60
7.60
7.60
7.60
7.60
7.60
7.60
7.60
7.60
7.60
7.60
7.60
7.60
7.60
7.60
7.60
7.60
7.60
7.60
7.60
7.60
7.60
7.60
7.60
7.60
7.60
7.60
7.60
7.60
7.60
7.60
7.60
7.60
7.60
7.60
7.60
7.60
7.60
7.60
7.60
7.60
7.60
7.60
7.60
7.60
7.60
7.60
7.60
7.60
7.60
7.60
2.83
2.83
2.83
2.84
2.83
2.84
2.83
2.90
2.91
2.92
2.91
2.92
2.91
2.96
2.96
2.98
2.98
2.97
2.97
2.99
2.99
3.09
3.09
3.10
3.11
3.13
3.15
3.13
3.15
3.14
3.15
3.13
3.15
7.60
7.60
7.60
7.60
7.60
7.60
3.15
3.15
3.15
3.15
3.15
3.15
7.60
7.60
3.10
3.11
3.15
3.09
3.11
3.10
3.11
3.15
3.11
3.12
7.60
7.60
7.60
7.60
7.60
7.60
7.60
7.60
7.60
7.60
7.60
7.60
3.15
3.15
3.15
3.15
3.15
3.15
3.15
3.15
3.15
3.15
3.15
3.15
7.60
7.60
7.60
7.60
7.60
7.60
7.60
7.60
7.60
7.60
7.60
3.15
3.15
3.15
3.15
3.15
3.15
3.15
3.15
3.15
3.15
3.15
3.15
7.60
7.60
7.60
7.60
7.60
7.60
7.60
7.60
7.60
7.60
7.60
7.60
3.15
3.15
3.15
3.15
3.15
3.15
3.15
3.15
3.15
3.15
3.15
3.15
7.60
7.60
7.60
7.60
7.60
7.60
7.60
7.60
7.60
7.60
7.60
7.60
3.15
3.15
3.15
3.15
3.15
3.15
3.15
3.15
3.15
3.15
3.15
3.15
7.60
7.60
7.60
7.60
7.60
7.60
7.60
7.60
7.60
7.60
7.60
7.60
3.15
3.15
3.15
3.15
3.15
3.15
3.15
3.15
3.15
3.15
3.15
3.15
7.60
7.60
7.60
7.60
7.60
7.60
7.60
7.60
7.60
7.60
7.60
7.60
3.15
3.15
3.15
3.15
3.15
3.15
3.15
3.15
3.15
3.15
3.15
3.15
7.60
7.60
7.60
7.60
7.60
7.60
7.60
7.60
7.60
7.60
7.60
7.60
3.15
3.15
3.15
3.15
3.15
3.15
3.15
3.15
3.15
3.15
3.15
7.60
7.60
7.60
7.60
7.60
7.60
7.60
7.60
7.60
7.60
7.60
7.60
3.15
3.15
3.15
3.15
3.15
3.15
3.15
3.15
3.15
3.15
7.60
7.60
7.60
7.60
7.60
7.60
7.60
7.60
7.60
7.60
7.60
7.60
7.60
7.60
7.60
7.60
7.60
7.60
7.60
7.60
7.60
7.60
7.60
7.60
7.60
7.60
2.04
2.05
2.05
2.05
2.02
2.03
2.00
2.01
2.04
2.04
2.00
2.00
5.61
5.61
5.61
5.61
5.61
5.61
2.13
2.14
2.14
2.16
2.10
2.11
2.08
2.09
2.13
2.15
2.08
2.08
5.61
5.61
5.61
5.61
5.61
5.61
5.61
5.61
5.61
2.23
2.24
2.23
2.25
2.19
2.21
2.15
2.17
2.21
2.24
2.15
2.17
5.61
5.61
5.61
5.61
5.61
5.61
2.40
2.40
2.40
2.40
2.37
2.40
2.30
2.34
2.40
2.30
2.34
5.61
5.61
2.40
2.40
2.40
2.40
2.39
2.40
2.40
2.40
2.40
2.40
2.40
2.40
5.61
5.61
5.61
5.61
5.61
5.61
5.61
5.61
5.61
5.61
2.40
2.40
2.40
2.40
2.40
2.40
2.40
2.40
2.40
2.40
2.40
2.40
5.61
5.61
5.61
5.61
5.61
5.61
5.61
5.61
5.61
5.61
5.61
5.61
5.61
5.61
5.61
5.61
5.61
5.61
2.40
2.40
2.40
2.40
2.40
2.40
2.40
2.40
2.40
2.40
2.40
2.40
5.61
5.61
5.61
5.61
5.61
5.61
5.61
5.61
5.61
5.61
5.61
5.61
2.40
2.40
2.40
2.40
2.40
2.40
2.40
2.40
2.40
2.40
2.40
2.40
5.61
5.61
5.61
5.61
5.61
5.61
5.61
5.61
5.61
5.61
5.61
5.61
5.61
5.61
5.61
5.61
5.61
5.61
2.40
2.40
2.40
2.40
2.40
2.40
2.40
2.40
2.40
2.40
2.40
2.40
5.61
5.61
5.61
5.61
5.61
5.61
5.61
5.61
5.61
5.61
5.61
5.61
5.61
5.61
5.61
5.61
5.61
5.61
2.40
2.40
2.40
2.40
2.40
2.40
2.40
2.40
2.40
2.40
2.40
2.40
5.61
5.61
5.61
5.61
5.61
5.61
5.61
5.61
5.61
5.61
5.61
5.61
5.61
5.61
5.61
5.61
5.61
5.61
2.40
2.40
2.40
2.40
2.40
2.40
2.40
2.40
2.40
2.40
5.61
5.61
5.61
5.61
5.61
5.61
5.61
5.61
5.61
5.61
5.61
5.61
5.61
5.61
5.61
5.61
5.61
2.40
2.40
2.40
2.40
2.40
2.40
2.40
2.40
2.40
2.40
2.40
2.40
5.61
5.61
5.61
5.61
5.61
5.61
5.61
5.61
5.61
5.61
5.61
5.61
5.61
5.61
5.61
2.40
2.40
2.40
2.40
2.40
2.40
2.40
2.40
2.40
2.40
5.61
5.61
5.61
5.61
5.61
2.40
2.40
2.40
2.40
2.40
2.40
2.40
2.40
2.40
2.40
5.61
5.61
5.61
5.61
5.61
2.40
2.40
2.40
2.40
2.40
2.40
2.40
2.40
2.40
2.40
2.40
2.40
2.40
2.40
2.40
2.40
2.40
2.40
2.40
2.40
2.40
2.40
2.40
2.40
2.40
2.40
2.40
2.40
2.40
2.40
2.40
2.40
2.40
2.40
2.40
2.40
2.40
2.40
2.40
2.40
2.40
2.40
2.40
2.40
2.40
2.40
2.40
2.40
2.40
2.40
2.40
2.40
2.40
2.40
2.40
2.40
2.40
2.40
2.40
2.40
2.40
2.40
2.40
2.40
2.40
2.40
2.40
2.40
2.40
2.40
2.40
2.40
2.40
2.40
2.40
2.40
2.40
2.40
5.61
5.61
5.61
5.61
5.61
5.61
5.61
5.61
5.61
5.61
5.61
5.61
5.61
5.61
5.61
5.61
5.61
5.61
5.61
5.61
5.61
5.61
5.61
5.61
2.40
2.40
2.40
2.40
2.40
2.40
2.40
2.40
2.40
2.40
2.40
2.40
2.40
2.40
2.40
2.40
2.40
2.40
2.40
2.40
2.40
2.40
2.40
2.40
2.40
2.40
2.40
2.40
2.40
2.40
2.40
2.40
2.40
2.40
2.40
2.40
2.40
2.40
2.40
2.40
5.61
5.61
5.61
5.61
5.61
5.61
5.61
5.61
5.61
5.61
5.61
5.61
5.61
5.61
5.61
5.61
5.61
5.61
5.61
5.61
5.61
5.61
5.61
5.61
5.61
5.61
5.61
5.61
5.61
5.61
5.61
5.61
5.61
5.61
5.61
5.61
5.61
5.61
5.61
5.61
5.61
5.61
5.61
5.61
5.61
5.61
5.61
5.61
5.61
5.61
5.61
5.61
5.61
5.61
2.40
2.40
2.40
2.40
2.40
2.40
2.40
2.40
2.40
2.40
2.40
2.40
2.40
2.40
2.40
2.40
2.40
2.40
2.40
2.40
2.40
2.40
2.40
2.40
2.40
2.40
2.40
2.40
2.40
2.40
2.40
2.40
2.40
2.40
2.40
2.40
5.61
5.61
5.61
5.61
5.61
5.61
5.61
5.61
5.61
5.61
5.61
5.61
5.61
5.61
5.61
5.61
5.61
5.61
5.61
5.61
5.61
5.61
5.61
5.61
2.40
2.40
2.40
2.40
2.40
2.40
5.61
5.61
5.61
5.61
2.40
2.40
2.40
2.40
2.40
2.40
2.40
2.40
2.40
2.40
2.40
2.40
2.40
5.61
5.61
5.61
5.61
5.61
5.61
5.61
5.61
5.61
5.61
5.61
5.61
5.61
5.61
5.61
5.61
5.61
5.61
5.61
5.61
5.61
5.61
5.61
5.61
5.61
5.61
5.61
5.61
5.61
5.61
5.61
5.61
5.61
5.61
5.61
5.61
5.61
5.61
5.61
5.61
5.61
5.61
5.61
5.61
5.61
5.61
5.61
5.61
5.61
5.61
5.61
5.61
5.61
5.61
5.61
5.61
5.61
5.61
5.61
5.61
5.61
5.61
5.61
5.61
5.61
5.61
5.61
5.61
5.61
5.61
5.61
5.61
5.61
5.61
5.61
5.61
5.61
5.61
5.61
5.61
5.61
5.61
5.61
5.61
5.61
5.61
5.61
5.61
5.61
5.61
5.61
5.61
5.61
5.61
5.61
5.61
5.61
5.61
5.61
5.61
5.61
5.61
5.61
5.61
5.61
5.61
5.61
5.61
5.61
5.61
5.61
5.61
5.61
5.61
5.61
5.61
5.61
5.61
5.61
5.61
5.61
5.61
5.61
5.61
5.61
5.61
5.61
5.61
5.61
5.61
5.61
5.61
5.61
5.61
5.61
5.61
5.61
5.61
5.61
5.61
5.61
5.61
5.61
5.61
5.61
5.61
2.06
2.07
2.05
2.08
2.06
2.14
2.14
2.15
2.15
2.15
2.15
2.17
2.17
2.31
2.32
2.33
2.34
2.40
2.40
2.40
2.40
2.40
2.40
2.34
2.40
2.34
2.35
2.40
2.35
5.61
5.61
5.61
5.61
5.61
5.61
5.61
5.61
5.61
5.61
2.40
2.40
2.40
2.40
2.40
2.40
2.40
2.40
5.61
5.61
5.61
5.61
5.61
5.61
5.61
5.61
5.61
5.61
5.61
2.40
2.40
2.40
2.40
2.40
2.40
2.40
2.40
5.61
5.61
5.61
5.61
5.61
5.61
5.61
5.61
2.40
2.40
2.40
2.40
2.40
2.40
2.40
2.40
2.40
2.40
2.40
5.61
5.61
5.61
5.61
5.61
5.61
5.61
5.61
5.61
5.61
5.61
5.61
5.61
5.61
2.40
2.40
2.40
2.40
2.40
5.61
5.61
5.61
5.61
5.61
5.61
2.40
2.40
2.40
2.40
5.61
5.61
5.61
5.61
5.61
5.61
5.61
5.61
5.61
5.61
5.61
5.61
5.61
5.61
2.40
2.40
2.40
2.40
5.61
5.61
5.61
5.61
5.61
5.61
5.61
5.61
5.61
5.61
5.61
5.61
5.61
5.61
5.61
5.61
5.61
5.61
2.40
2.40
2.40
2.40
2.40
2.40
2.40
5.61
5.61
5.61
5.61
5.61
5.61
5.61
5.61
5.61
5.61
5.61
5.61
5.61
5.61
5.61
5.61
5.61
5.61
2.40
2.40
2.40
2.40
2.40
2.40
2.40
2.40
2.40
2.40
2.40
5.61
5.61
5.61
5.61
5.61
5.61
5.61
5.61
5.61
5.61
5.61
5.61
5.61
5.61
5.61
5.61
5.61
5.61
5.61
5.61
5.61
5.61
